[gd_scene load_steps=26 format=2]

[ext_resource path="res://Player/player.tscn" type="PackedScene" id=1]
[ext_resource path="res://Environment/maaPng.png" type="Texture" id=2]
[ext_resource path="res://Villager/villager.tscn" type="PackedScene" id=3]
[ext_resource path="res://House/house.tscn" type="PackedScene" id=4]
[ext_resource path="res://demo.gd" type="Script" id=5]
[ext_resource path="res://env_day.tres" type="Environment" id=6]
[ext_resource path="res://Environment/sun.png" type="Texture" id=7]
[ext_resource path="res://Music/Wherewolfnight30s.wav" type="AudioStream" id=8]
[ext_resource path="res://Music/Wherewolfday30s.wav" type="AudioStream" id=9]
[ext_resource path="res://Music/WherewolfEvilPianoRoll02.wav" type="AudioStream" id=10]
[ext_resource path="res://Music/WherewolfHappyPianoRoll02.wav" type="AudioStream" id=11]
[ext_resource path="res://Environment/cobblepng.png" type="Texture" id=12]
[ext_resource path="res://Hunter/Hunter.tscn" type="PackedScene" id=13]
[ext_resource path="res://Tree/Tree.tscn" type="PackedScene" id=14]
[ext_resource path="res://Tree/BorderTrees.tscn" type="PackedScene" id=15]
[ext_resource path="res://Environment/Bush.tscn" type="PackedScene" id=16]
[ext_resource path="res://Environment/Rock1.tscn" type="PackedScene" id=17]
[ext_resource path="res://Environment/Rock2.tscn" type="PackedScene" id=18]
[ext_resource path="res://Music/WherewolfAmbientAir.wav" type="AudioStream" id=19]
[ext_resource path="res://Environment/Grave.tscn" type="PackedScene" id=20]
[ext_resource path="res://kirkko/kirkko.glb" type="PackedScene" id=21]

[sub_resource type="BoxShape" id=3]
extents = Vector3( 10, 1, 10 )

[sub_resource type="PlaneMesh" id=4]
size = Vector2( 20, 20 )

[sub_resource type="SpatialMaterial" id=5]
albedo_texture = ExtResource( 2 )
uv1_scale = Vector3( 100, 100, 100 )

[sub_resource type="BoxShape" id=6]
extents = Vector3( 7.54538, 3.20898, 4.54099 )

[node name="Demo" type="Spatial"]
script = ExtResource( 5 )

[node name="Ground" type="StaticBody" parent="."]
transform = Transform( 10, 0, 0, 0, 1, 0, 0, 0, 10, 0, 0, 0 )

[node name="CollisionShape" type="CollisionShape" parent="Ground"]
transform = Transform( 1, 0, 0, 0, 1, 0, 0, 0, 1, 1.16767, -12.4103, 1.27846 )
shape = SubResource( 3 )

[node name="CSGMesh" type="CSGMesh" parent="Ground"]
mesh = SubResource( 4 )
material = SubResource( 5 )

[node name="Player" parent="." instance=ExtResource( 1 )]
transform = Transform( -0.0914495, 0, 0.99581, 0, 1, 0, -0.99581, 0, -0.0914495, 2.09712, 9.53674e-07, -5.84524 )

[node name="House" parent="." instance=ExtResource( 4 )]
transform = Transform( 0.0206285, 0, 0.999787, 0, 1, 0, -0.999787, 0, 0.0206285, -0.0230556, 0, -64.3122 )

[node name="House9" parent="." instance=ExtResource( 4 )]
transform = Transform( -0.651052, 0, 0.759033, 0, 1, 0, -0.759033, 0, -0.651052, 18.1332, 3.8147e-06, -77.8177 )

[node name="House10" parent="." instance=ExtResource( 4 )]
transform = Transform( 0.626059, 0, 0.779775, 0, 1, 0, -0.779775, 0, 0.626059, 42.2061, 3.8147e-06, -77.5089 )

[node name="House2" parent="." instance=ExtResource( 4 )]
transform = Transform( -0.494701, 0, 0.869064, 0, 1, 0, -0.869064, 0, -0.494701, -57.4076, 1.90735e-06, -56.7078 )

[node name="House4" parent="." instance=ExtResource( 4 )]
transform = Transform( -0.90736, 0, 0.420355, 0, 1, 0, -0.420355, 0, -0.90736, -71.6469, 1.90735e-06, -43.2886 )

[node name="House5" parent="." instance=ExtResource( 4 )]
transform = Transform( -0.997937, 0, 0.0642013, 0, 1, 0, -0.0642013, 0, -0.997937, -87.9082, 1.90735e-06, 5.82531 )

[node name="House6" parent="." instance=ExtResource( 4 )]
transform = Transform( -0.66088, 0, -0.750492, 0, 1, 0, 0.750492, 0, -0.66088, -81.054, 1.90735e-06, 22.0115 )

[node name="House7" parent="." instance=ExtResource( 4 )]
transform = Transform( 0.113567, 0, -0.99353, 0, 1, 0, 0.99353, 0, 0.113567, -36.3768, 1.90735e-06, 36.0658 )

[node name="House8" parent="." instance=ExtResource( 4 )]
transform = Transform( -0.144805, 0, -0.98946, 0, 1, 0, 0.98946, 0, -0.144805, -54.4986, 1.90735e-06, 35.9187 )

[node name="House3" parent="." instance=ExtResource( 4 )]
transform = Transform( 0.999468, 0, -0.0326137, 0, 1, 0, 0.0326137, 0, 0.999468, 83.7105, 0, -17.5056 )

[node name="House11" parent="." instance=ExtResource( 4 )]
transform = Transform( -0.319357, 0, 0.947634, 0, 1, 0, -0.947634, 0, -0.319357, 45.8051, 5.72205e-06, -19.3883 )

[node name="WorldEnvironment" type="WorldEnvironment" parent="."]
environment = ExtResource( 6 )

[node name="Sun" type="Sprite3D" parent="."]
transform = Transform( 10, 0, 0, 0, 8.66025, -0.5, 0, 5, 0.866025, 0, 338, -490 )
cast_shadow = 0
generate_lightmap = false
billboard = 1
double_sided = false
texture = ExtResource( 7 )

[node name="villager" parent="." instance=ExtResource( 3 )]
transform = Transform( 1, 0, 0, 0, 1, 0, 0, 0, 1, -65.6026, 0, -44.2946 )

[node name="villager17" parent="." instance=ExtResource( 3 )]
transform = Transform( 1, 0, 0, 0, 1, 0, 0, 0, 1, -57.8591, 0, -50.4085 )

[node name="villager2" parent="." instance=ExtResource( 3 )]
transform = Transform( 1, 0, 0, 0, 1, 0, 0, 0, 1, -68.4749, 0, -37.9673 )

[node name="villager13" parent="." instance=ExtResource( 3 )]
transform = Transform( 1, 0, 0, 0, 1, 0, 0, 0, 1, 24.9035, 0, -75.4926 )

[node name="villager14" parent="." instance=ExtResource( 3 )]
transform = Transform( 1, 0, 0, 0, 1, 0, 0, 0, 1, 35.9035, 0, -75.4926 )

[node name="villager18" parent="." instance=ExtResource( 3 )]
transform = Transform( 1, 0, 0, 0, 1, 0, 0, 0, 1, 77.7508, 0, -20.0793 )

[node name="villager19" parent="." instance=ExtResource( 3 )]
transform = Transform( 1, 0, 0, 0, 1, 0, 0, 0, 1, 77.1323, 0, -13.6616 )

[node name="villager20" parent="." instance=ExtResource( 3 )]
transform = Transform( 1, 0, 0, 0, 1, 0, 0, 0, 1, 50.816, 0, -15.5945 )

[node name="villager21" parent="." instance=ExtResource( 3 )]
transform = Transform( 1, 0, 0, 0, 1, 0, 0, 0, 1, 44.0969, 0, -13.669 )

[node name="villager11" parent="." instance=ExtResource( 3 )]
transform = Transform( 1, 0, 0, 0, 1, 0, 0, 0, 1, -4.49339, 0, -58.7016 )

[node name="villager12" parent="." instance=ExtResource( 3 )]
transform = Transform( 1, 0, 0, 0, 1, 0, 0, 0, 1, 6.50661, 0, -58.7016 )

[node name="villager3" parent="." instance=ExtResource( 3 )]
transform = Transform( 0.652151, 0, -0.758089, 0, 1, 0, 0.758089, 0, 0.652151, -51.9054, 0, 28.5012 )

[node name="villager7" parent="." instance=ExtResource( 3 )]
transform = Transform( 1, 0, 0, 0, 1, 0, 0, 0, 1, -9.56758, 0, 25.7265 )

[node name="villager8" parent="." instance=ExtResource( 3 )]
transform = Transform( 1, 0, 0, 0, 1, 0, 0, 0, 1, -13.8551, 0, 26.0968 )

[node name="villager4" parent="." instance=ExtResource( 3 )]
transform = Transform( 1, 0, 0, 0, 1, 0, 0, 0, 1, -81.7168, -9.53674e-07, 1.58577 )

[node name="villager15" parent="." instance=ExtResource( 3 )]
transform = Transform( 1, 0, 0, 0, 1, 0, 0, 0, 1, -75.1103, -1.90735e-06, 18.3057 )

[node name="villager16" parent="." instance=ExtResource( 3 )]
transform = Transform( 1, 0, 0, 0, 1, 0, 0, 0, 1, -79.5268, -2.86102e-06, 14.5798 )

[node name="villager5" parent="." instance=ExtResource( 3 )]
transform = Transform( 0.652151, 0, -0.758089, 0, 1, 0, 0.758089, 0, 0.652151, -38.5611, 0, 30.2127 )

[node name="villager6" parent="." instance=ExtResource( 3 )]
transform = Transform( 0.652151, 0, -0.758089, 0, 1, 0, 0.758089, 0, 0.652151, -46.2645, 0, 28.9249 )

[node name="villager9" parent="." instance=ExtResource( 3 )]
transform = Transform( 0.696765, 0, -0.7173, 0, 1, 0, 0.7173, 0, 0.696765, -3.91142, -1.90735e-06, 19.2564 )

[node name="villager10" parent="." instance=ExtResource( 3 )]
transform = Transform( 0.696765, 0, -0.7173, 0, 1, 0, 0.7173, 0, 0.696765, 1.74484, -1.90735e-06, 19.3386 )

[node name="Light" type="DirectionalLight" parent="."]
transform = Transform( 1, 0, 0, 0, -0.707107, 0.707107, 0, -0.707107, -0.707107, 0, 17, -17 )
light_energy = 2.113
shadow_enabled = true
shadow_bias = 0.0

[node name="Music" type="Spatial" parent="."]

[node name="DayMusic" type="AudioStreamPlayer" parent="Music"]
stream = ExtResource( 9 )
volume_db = -10.0
autoplay = true
bus = "Music Bus"

[node name="NightMusic" type="AudioStreamPlayer" parent="Music"]
stream = ExtResource( 8 )
volume_db = -10.0
bus = "Music Bus"

[node name="Dusk" type="AudioStreamPlayer" parent="Music"]
stream = ExtResource( 10 )
volume_db = -10.0
bus = "Music Bus"

[node name="Dawn" type="AudioStreamPlayer" parent="Music"]
stream = ExtResource( 11 )
volume_db = -10.0
bus = "Music Bus"

[node name="Hunter" parent="." instance=ExtResource( 13 )]
transform = Transform( -0.5, 0, -0.866026, 0, 1, 0, 0.866026, 0, -0.5, -1.00694, 0, 19.6229 )

[node name="Spatial" parent="." instance=ExtResource( 15 )]
transform = Transform( -1, 0, -8.74228e-08, 0, 1, 0, 8.74228e-08, 0, -1, 6, 0, 43 )

[node name="Spatial2" parent="." instance=ExtResource( 15 )]
transform = Transform( -1, 0, -8.74228e-08, 0, 1, 0, 8.74228e-08, 0, -1, 86, 0, 43 )

[node name="Spatial4" parent="." instance=ExtResource( 15 )]
transform = Transform( -0.118023, 0, -0.993011, 0, 1, 0, 0.993011, 0, -0.118023, 86, 0, 5.2815 )

[node name="Spatial5" parent="." instance=ExtResource( 15 )]
transform = Transform( 0.0309399, 0, -0.999521, 0, 1, 0, 0.999521, 0, 0.0309399, 89.6543, 0, -67.8344 )

[node name="Spatial6" parent="." instance=ExtResource( 15 )]
transform = Transform( 0.999429, 0, 0.0337832, 0, 1, 0, -0.0337832, 0, 0.999429, 50.2642, 0, -91.7333 )

[node name="Spatial7" parent="." instance=ExtResource( 15 )]
transform = Transform( 0.999429, 0, 0.0337832, 0, 1, 0, -0.0337832, 0, 0.999429, -25.5378, 0, -91.7333 )

[node name="Spatial8" parent="." instance=ExtResource( 15 )]
transform = Transform( 0.999429, 0, 0.0337832, 0, 1, 0, -0.0337832, 0, 0.999429, -78.055, 0, -91.7333 )

[node name="Spatial9" parent="." instance=ExtResource( 15 )]
transform = Transform( 0.0891202, 0, 0.996021, 0, 1, 0, -0.996021, 0, 0.0891202, -92.8888, 0, -52.5086 )

[node name="Spatial10" parent="." instance=ExtResource( 15 )]
transform = Transform( -0.119011, 0, 0.992893, 0, 1, 0, -0.992893, 0, -0.119011, -91.3818, 0, 27.4664 )

[node name="Spatial3" parent="." instance=ExtResource( 15 )]
transform = Transform( -1, 0, -8.74228e-08, 0, 1, 0, 8.74228e-08, 0, -1, -74, 0, 43 )

[node name="Tree" parent="." instance=ExtResource( 14 )]
transform = Transform( 1, 0, 0, 0, 1, 0, 0, 0, 1, -33.8588, 0, -64.8391 )

[node name="Tree2" parent="." instance=ExtResource( 14 )]
transform = Transform( 1, 0, 0, 0, 1, 0, 0, 0, 1, -27.5511, 0, -48.4582 )

[node name="Tree3" parent="." instance=ExtResource( 14 )]
transform = Transform( 1, 0, 0, 0, 1, 0, 0, 0, 1, -32.1797, 0, -54.0884 )

[node name="Tree4" parent="." instance=ExtResource( 14 )]
transform = Transform( 1, 0, 0, 0, 1, 0, 0, 0, 1, -32.5141, 0, -49.1465 )

[node name="Tree5" parent="." instance=ExtResource( 14 )]
transform = Transform( 1, 0, 0, 0, 1, 0, 0, 0, 1, -26.3309, 0, -56.2163 )

[node name="Tree26" parent="." instance=ExtResource( 14 )]
transform = Transform( 1, 0, 0, 0, 1, 0, 0, 0, 1, -22.8435, 0, -54.1402 )

[node name="Tree27" parent="." instance=ExtResource( 14 )]
transform = Transform( 1, 0, 0, 0, 1, 0, 0, 0, 1, -21.0143, 0, -60.6451 )

[node name="Tree6" parent="." instance=ExtResource( 14 )]
transform = Transform( 0.792045, 0, -0.610463, 0, 1, 0, 0.610463, 0, 0.792045, -19.6174, 0, -51.6018 )

[node name="Tree7" parent="." instance=ExtResource( 14 )]
transform = Transform( 0.792045, 0, -0.610463, 0, 1, 0, 0.610463, 0, 0.792045, -24.6213, 0, -34.7768 )

[node name="Tree55" parent="." instance=ExtResource( 14 )]
transform = Transform( 0.792045, 0, -0.610463, 0, 1, 0, 0.610463, 0, 0.792045, -18.2931, 0, 35.4484 )

[node name="Tree56" parent="." instance=ExtResource( 14 )]
transform = Transform( 0.792045, 0, -0.610463, 0, 1, 0, 0.610463, 0, 0.792045, -18.2548, 0, 28.6099 )

[node name="Tree57" parent="." instance=ExtResource( 14 )]
transform = Transform( 0.792045, 0, -0.610463, 0, 1, 0, 0.610463, 0, 0.792045, -18.4372, 9.53674e-07, 22.9891 )

[node name="Tree58" parent="." instance=ExtResource( 14 )]
transform = Transform( 0.792045, 0, -0.610463, 0, 1, 0, 0.610463, 0, 0.792045, -34.3991, 9.53674e-07, 4.03297 )

[node name="Tree261" parent="." instance=ExtResource( 14 )]
transform = Transform( 0.792045, 0, -0.610463, 0, 1, 0, 0.610463, 0, 0.792045, -33.7636, 9.53674e-07, -2.0309 )

[node name="Tree262" parent="." instance=ExtResource( 14 )]
transform = Transform( 0.792045, 0, -0.610463, 0, 1, 0, 0.610463, 0, 0.792045, -27.3384, 9.53674e-07, -0.66992 )

[node name="Tree263" parent="." instance=ExtResource( 14 )]
transform = Transform( 0.792045, 0, -0.610463, 0, 1, 0, 0.610463, 0, 0.792045, -29.2298, 9.53674e-07, -6.12423 )

[node name="Tree282" parent="." instance=ExtResource( 14 )]
transform = Transform( 0.792045, 0, -0.610463, 0, 1, 0, 0.610463, 0, 0.792045, -29.1239, 9.53674e-07, -15.3996 )

[node name="Tree283" parent="." instance=ExtResource( 14 )]
transform = Transform( 0.792045, 0, -0.610463, 0, 1, 0, 0.610463, 0, 0.792045, -46.1239, 9.53674e-07, -29.3996 )

[node name="Tree264" parent="." instance=ExtResource( 14 )]
transform = Transform( 0.792045, 0, -0.610463, 0, 1, 0, 0.610463, 0, 0.792045, -37.1229, 9.53674e-07, -6.49218 )

[node name="Tree265" parent="." instance=ExtResource( 14 )]
transform = Transform( 0.792045, 0, -0.610463, 0, 1, 0, 0.610463, 0, 0.792045, -43.4257, 9.53674e-07, 0.860571 )

[node name="Tree266" parent="." instance=ExtResource( 14 )]
transform = Transform( 0.792045, 0, -0.610463, 0, 1, 0, 0.610463, 0, 0.792045, -39.2833, 9.53674e-07, 5.48353 )

[node name="Tree284" parent="." instance=ExtResource( 14 )]
transform = Transform( 0.792045, 0, -0.610463, 0, 1, 0, 0.610463, 0, 0.792045, -33.5928, -9.53674e-07, 19.1594 )

[node name="Tree285" parent="." instance=ExtResource( 14 )]
transform = Transform( 0.792045, 0, -0.610463, 0, 1, 0, 0.610463, 0, 0.792045, -49.5928, -9.53674e-07, 16.1594 )

[node name="Tree286" parent="." instance=ExtResource( 14 )]
transform = Transform( 0.792045, 0, -0.610463, 0, 1, 0, 0.610463, 0, 0.792045, -67.8568, -9.53674e-07, 7.3132 )

[node name="Tree267" parent="." instance=ExtResource( 14 )]
transform = Transform( 0.792045, 0, -0.610463, 0, 1, 0, 0.610463, 0, 0.792045, -41.9456, 9.53674e-07, -5.18063 )

[node name="Tree59" parent="." instance=ExtResource( 14 )]
transform = Transform( 0.792045, 0, -0.610463, 0, 1, 0, 0.610463, 0, 0.792045, -14.9471, 0, 36.1407 )

[node name="Tree60" parent="." instance=ExtResource( 14 )]
transform = Transform( 0.792045, 0, -0.610463, 0, 1, 0, 0.610463, 0, 0.792045, -11.4677, 0, 36.4564 )

[node name="Tree61" parent="." instance=ExtResource( 14 )]
transform = Transform( 0.792045, 0, -0.610463, 0, 1, 0, 0.610463, 0, 0.792045, -7.73207, 0, 36.0366 )

[node name="Tree62" parent="." instance=ExtResource( 14 )]
transform = Transform( 0.792045, 0, -0.610463, 0, 1, 0, 0.610463, 0, 0.792045, -7.02323, 0, 30.729 )

[node name="Tree63" parent="." instance=ExtResource( 14 )]
transform = Transform( 0.792045, 0, -0.610463, 0, 1, 0, 0.610463, 0, 0.792045, -7.31599, 0, 24.0275 )

[node name="Tree8" parent="." instance=ExtResource( 14 )]
transform = Transform( 0.792045, 0, -0.610463, 0, 1, 0, 0.610463, 0, 0.792045, -24.8504, 0, -42.0618 )

[node name="Tree9" parent="." instance=ExtResource( 14 )]
transform = Transform( 0.792045, 0, -0.610463, 0, 1, 0, 0.610463, 0, 0.792045, -28.132, 0, -38.3517 )

[node name="Tree10" parent="." instance=ExtResource( 14 )]
transform = Transform( 0.792045, 0, -0.610463, 0, 1, 0, 0.610463, 0, 0.792045, -18.9188, 0, -40.1767 )

[node name="Tree23" parent="." instance=ExtResource( 14 )]
transform = Transform( 0.792045, 0, -0.610463, 0, 1, 0, 0.610463, 0, 0.792045, -19.1423, 0, -44.1119 )

[node name="Tree24" parent="." instance=ExtResource( 14 )]
transform = Transform( 0.792045, 0, -0.610463, 0, 1, 0, 0.610463, 0, 0.792045, -22.653, 0, -47.6868 )

[node name="Tree100" parent="." instance=ExtResource( 14 )]
transform = Transform( 0.804106, 0, 0.594486, 0, 1, 0, -0.594486, 0, 0.804106, -77.257, 0, -26.2192 )

[node name="Tree101" parent="." instance=ExtResource( 14 )]
transform = Transform( 0.9998, 0, -0.0200176, 0, 1, 0, 0.0200176, 0, 0.9998, -66.7678, 0, -16.9597 )

[node name="Tree102" parent="." instance=ExtResource( 14 )]
transform = Transform( 0.9998, 0, -0.0200176, 0, 1, 0, 0.0200176, 0, 0.9998, -71.2828, 0, -22.6814 )

[node name="Tree103" parent="." instance=ExtResource( 14 )]
transform = Transform( 0.9998, 0, -0.0200176, 0, 1, 0, 0.0200176, 0, 0.9998, -71.7161, 0, -17.7472 )

[node name="Tree104" parent="." instance=ExtResource( 14 )]
transform = Transform( 0.9998, 0, -0.0200176, 0, 1, 0, 0.0200176, 0, 0.9998, -65.3926, 0, -24.6918 )

[node name="Tree105" parent="." instance=ExtResource( 14 )]
transform = Transform( 0.9998, 0, -0.0200176, 0, 1, 0, 0.0200176, 0, 0.9998, -67.9117, 0, -27.7233 )

[node name="Tree106" parent="." instance=ExtResource( 14 )]
transform = Transform( 0.9998, 0, -0.0200176, 0, 1, 0, 0.0200176, 0, 0.9998, -72.8599, 0, -28.5108 )

[node name="Tree107" parent="." instance=ExtResource( 14 )]
transform = Transform( 0.804106, 0, 0.594486, 0, 1, 0, -0.594486, 0, 0.804106, -81.1746, 0, -11.4444 )

[node name="Tree108" parent="." instance=ExtResource( 14 )]
transform = Transform( 0.9998, 0, -0.0200176, 0, 1, 0, 0.0200176, 0, 0.9998, -59.9617, 0, -11.5841 )

[node name="Tree109" parent="." instance=ExtResource( 14 )]
transform = Transform( 0.9998, 0, -0.0200176, 0, 1, 0, 0.0200176, 0, 0.9998, -75.2004, 0, -7.90665 )

[node name="Tree110" parent="." instance=ExtResource( 14 )]
transform = Transform( 0.9998, 0, -0.0200176, 0, 1, 0, 0.0200176, 0, 0.9998, -64.9099, 0, -12.3716 )

[node name="Tree114" parent="." instance=ExtResource( 14 )]
transform = Transform( 0.919753, 0, -0.392498, 0, 1, 0, 0.392498, 0, 0.919753, -58.6903, 0, -17.7189 )

[node name="Tree115" parent="." instance=ExtResource( 14 )]
transform = Transform( 0.919753, 0, -0.392498, 0, 1, 0, 0.392498, 0, 0.919753, -62.9849, 0, -20.2999 )

[node name="Tree111" parent="." instance=ExtResource( 14 )]
transform = Transform( 0.9998, 0, -0.0200176, 0, 1, 0, 0.0200176, 0, 0.9998, -69.3102, 0, -9.91705 )

[node name="Tree112" parent="." instance=ExtResource( 14 )]
transform = Transform( 0.9998, 0, -0.0200176, 0, 1, 0, 0.0200176, 0, 0.9998, -71.8293, 0, -12.9485 )

[node name="Tree113" parent="." instance=ExtResource( 14 )]
transform = Transform( 0.9998, 0, -0.0200176, 0, 1, 0, 0.0200176, 0, 0.9998, -76.7775, 0, -13.736 )

[node name="Tree28" parent="." instance=ExtResource( 14 )]
transform = Transform( -0.00298456, 0, 0.999996, 0, 1, 0, -0.999996, 0, -0.00298456, -68.9868, 1.90735e-06, -66.3512 )

[node name="Tree29" parent="." instance=ExtResource( 14 )]
transform = Transform( -0.00298456, 0, 0.999996, 0, 1, 0, -0.999996, 0, -0.00298456, -74.6032, 1.90735e-06, -61.7058 )

[node name="Tree30" parent="." instance=ExtResource( 14 )]
transform = Transform( -0.00298456, 0, 0.999996, 0, 1, 0, -0.999996, 0, -0.00298456, -69.6603, 1.90735e-06, -61.3862 )

[node name="Tree31" parent="." instance=ExtResource( 14 )]
transform = Transform( 0.608096, 0, 0.793863, 0, 1, 0, -0.793863, 0, 0.608096, -55.3142, 1.90735e-06, -69.3218 )

[node name="Tree32" parent="." instance=ExtResource( 14 )]
transform = Transform( 0.608096, 0, 0.793863, 0, 1, 0, -0.793863, 0, 0.608096, -62.5985, 1.90735e-06, -69.071 )

[node name="Tree33" parent="." instance=ExtResource( 14 )]
transform = Transform( 0.608096, 0, 0.793863, 0, 1, 0, -0.793863, 0, 0.608096, -58.8787, 1.90735e-06, -65.8004 )

[node name="Tree34" parent="." instance=ExtResource( 14 )]
transform = Transform( 0.608096, 0, 0.793863, 0, 1, 0, -0.793863, 0, 0.608096, -60.7311, 1.90735e-06, -75.0082 )

[node name="Tree35" parent="." instance=ExtResource( 14 )]
transform = Transform( 0.608096, 0, 0.793863, 0, 1, 0, -0.793863, 0, 0.608096, -64.6656, 1.90735e-06, -74.773 )

[node name="Tree36" parent="." instance=ExtResource( 14 )]
transform = Transform( 0.608096, 0, 0.793863, 0, 1, 0, -0.793863, 0, 0.608096, -68.2301, 1.90735e-06, -71.2516 )

[node name="Tree37" parent="." instance=ExtResource( 14 )]
transform = Transform( -0.486961, 0, 0.873424, 0, 1, 0, -0.873424, 0, -0.486961, -82.5362, 1.90735e-06, -48.0124 )

[node name="Tree38" parent="." instance=ExtResource( 14 )]
transform = Transform( -0.486961, 0, 0.873424, 0, 1, 0, -0.873424, 0, -0.486961, -85.1998, 1.90735e-06, -41.2279 )

[node name="Tree39" parent="." instance=ExtResource( 14 )]
transform = Transform( -0.486961, 0, 0.873424, 0, 1, 0, -0.873424, 0, -0.486961, -80.7206, 1.90735e-06, -43.3424 )

[node name="Tree40" parent="." instance=ExtResource( 14 )]
transform = Transform( 0.147499, 0, 0.989062, 0, 1, 0, -0.989062, 0, 0.147499, -72.0133, 1.90735e-06, -57.2336 )

[node name="Tree41" parent="." instance=ExtResource( 14 )]
transform = Transform( 0.147499, 0, 0.989062, 0, 1, 0, -0.989062, 0, 0.147499, -78.2646, 1.90735e-06, -53.486 )

[node name="Tree42" parent="." instance=ExtResource( 14 )]
transform = Transform( 0.147499, 0, 0.989062, 0, 1, 0, -0.989062, 0, 0.147499, -73.4261, 1.90735e-06, -52.4264 )

[node name="Tree43" parent="." instance=ExtResource( 14 )]
transform = Transform( 0.147499, 0, 0.989062, 0, 1, 0, -0.989062, 0, 0.147499, -79.5066, 1.90735e-06, -59.5848 )

[node name="Tree44" parent="." instance=ExtResource( 14 )]
transform = Transform( 0.147499, 0, 0.989062, 0, 1, 0, -0.989062, 0, 0.147499, -82.8348, 1.90735e-06, -57.4733 )

[node name="Tree45" parent="." instance=ExtResource( 14 )]
transform = Transform( 0.147499, 0, 0.989062, 0, 1, 0, -0.989062, 0, 0.147499, -84.2477, 1.90735e-06, -52.6661 )

[node name="Tree46" parent="." instance=ExtResource( 14 )]
transform = Transform( -0.881435, 0, 0.472305, 0, 1, 0, -0.472305, 0, -0.881435, -84.0413, 3.8147e-06, -25.7951 )

[node name="Tree47" parent="." instance=ExtResource( 14 )]
transform = Transform( -0.881435, 0, 0.472305, 0, 1, 0, -0.472305, 0, -0.881435, -82.6207, 3.8147e-06, -18.6463 )

[node name="Tree48" parent="." instance=ExtResource( 14 )]
transform = Transform( -0.881435, 0, 0.472305, 0, 1, 0, -0.472305, 0, -0.881435, -79.9918, 3.8147e-06, -22.8444 )

[node name="Tree49" parent="." instance=ExtResource( 14 )]
transform = Transform( -0.409812, 0, 0.91217, 0, 1, 0, -0.91217, 0, -0.409812, -80.162, 3.8147e-06, -39.2381 )

[node name="Tree50" parent="." instance=ExtResource( 14 )]
transform = Transform( -0.409812, 0, 0.91217, 0, 1, 0, -0.91217, 0, -0.409812, -83.4008, 3.8147e-06, -32.7087 )

[node name="Tree51" parent="." instance=ExtResource( 14 )]
transform = Transform( -0.409812, 0, 0.91217, 0, 1, 0, -0.91217, 0, -0.409812, -78.7559, 3.8147e-06, -34.4289 )

[node name="Tree52" parent="." instance=ExtResource( 14 )]
transform = Transform( -0.409812, 0, 0.91217, 0, 1, 0, -0.91217, 0, -0.409812, -87.7388, 3.8147e-06, -37.1718 )

[node name="Tree53" parent="." instance=ExtResource( 14 )]
transform = Transform( -0.409812, 0, 0.91217, 0, 1, 0, -0.91217, 0, -0.409812, -89.4004, 3.8147e-06, -33.5976 )

[node name="Tree54" parent="." instance=ExtResource( 14 )]
transform = Transform( -0.409812, 0, 0.91217, 0, 1, 0, -0.91217, 0, -0.409812, -87.9943, 3.8147e-06, -28.7884 )

[node name="Tree78" parent="." instance=ExtResource( 14 )]
transform = Transform( -0.486961, 0, 0.873424, 0, 1, 0, -0.873424, 0, -0.486961, -85.1998, 1.90735e-06, -41.2279 )

[node name="Tree79" parent="." instance=ExtResource( 14 )]
transform = Transform( -0.881435, 0, 0.472305, 0, 1, 0, -0.472305, 0, -0.881435, -84.0413, 3.8147e-06, -25.7951 )

[node name="Tree80" parent="." instance=ExtResource( 14 )]
transform = Transform( -0.881435, 0, 0.472305, 0, 1, 0, -0.472305, 0, -0.881435, -82.6207, 3.8147e-06, -18.6463 )

[node name="Tree81" parent="." instance=ExtResource( 14 )]
transform = Transform( -0.881435, 0, 0.472305, 0, 1, 0, -0.472305, 0, -0.881435, -79.9918, 3.8147e-06, -22.8444 )

[node name="Tree82" parent="." instance=ExtResource( 14 )]
transform = Transform( -0.409812, 0, 0.91217, 0, 1, 0, -0.91217, 0, -0.409812, -80.162, 3.8147e-06, -39.2381 )

[node name="Tree83" parent="." instance=ExtResource( 14 )]
transform = Transform( -0.409812, 0, 0.91217, 0, 1, 0, -0.91217, 0, -0.409812, -83.4008, 3.8147e-06, -32.7087 )

[node name="Tree84" parent="." instance=ExtResource( 14 )]
transform = Transform( -0.409812, 0, 0.91217, 0, 1, 0, -0.91217, 0, -0.409812, -78.7559, 3.8147e-06, -34.4289 )

[node name="Tree85" parent="." instance=ExtResource( 14 )]
transform = Transform( -0.409812, 0, 0.91217, 0, 1, 0, -0.91217, 0, -0.409812, -87.7388, 3.8147e-06, -37.1718 )

[node name="Tree86" parent="." instance=ExtResource( 14 )]
transform = Transform( -0.409812, 0, 0.91217, 0, 1, 0, -0.91217, 0, -0.409812, -89.4004, 3.8147e-06, -33.5976 )

[node name="Tree87" parent="." instance=ExtResource( 14 )]
transform = Transform( -0.409812, 0, 0.91217, 0, 1, 0, -0.91217, 0, -0.409812, -87.9943, 3.8147e-06, -28.7884 )

[node name="Tree88" parent="." instance=ExtResource( 14 )]
transform = Transform( -0.772578, 0, 0.634919, 0, 1, 0, -0.634919, 0, -0.772578, -87.3819, 3.8147e-06, -7.77438 )

[node name="Tree89" parent="." instance=ExtResource( 14 )]
transform = Transform( -0.772578, 0, 0.634919, 0, 1, 0, -0.634919, 0, -0.772578, -83.9846, 3.8147e-06, -4.0915 )

[node name="Tree90" parent="." instance=ExtResource( 14 )]
transform = Transform( -0.224322, 0, 0.974515, 0, 1, 0, -0.974515, 0, -0.224322, -85.4073, 3.8147e-06, -14.4308 )

[node name="Tree91" parent="." instance=ExtResource( 14 )]
transform = Transform( -0.224322, 0, 0.974515, 0, 1, 0, -0.974515, 0, -0.224322, -88.793, 3.8147e-06, -19.6533 )

[node name="Tree92" parent="." instance=ExtResource( 14 )]
transform = Transform( -0.224322, 0, 0.974515, 0, 1, 0, -0.974515, 0, -0.224322, -91.1188, 3.8147e-06, -16.4711 )

[node name="Tree93" parent="." instance=ExtResource( 14 )]
transform = Transform( -0.224322, 0, 0.974515, 0, 1, 0, -0.974515, 0, -0.224322, -90.6763, 3.8147e-06, -11.4802 )

[node name="Tree94" parent="." instance=ExtResource( 14 )]
transform = Transform( -0.772578, 0, 0.634919, 0, 1, 0, -0.634919, 0, -0.772578, -87.3819, 3.8147e-06, -7.77438 )

[node name="Tree95" parent="." instance=ExtResource( 14 )]
transform = Transform( -0.772578, 0, 0.634919, 0, 1, 0, -0.634919, 0, -0.772578, -83.9846, 3.8147e-06, -4.0915 )

[node name="Tree96" parent="." instance=ExtResource( 14 )]
transform = Transform( -0.224322, 0, 0.974515, 0, 1, 0, -0.974515, 0, -0.224322, -85.4073, 3.8147e-06, -14.4308 )

[node name="Tree97" parent="." instance=ExtResource( 14 )]
transform = Transform( -0.224322, 0, 0.974515, 0, 1, 0, -0.974515, 0, -0.224322, -88.793, 3.8147e-06, -19.6533 )

[node name="Tree98" parent="." instance=ExtResource( 14 )]
transform = Transform( -0.224322, 0, 0.974515, 0, 1, 0, -0.974515, 0, -0.224322, -91.1188, 3.8147e-06, -16.4711 )

[node name="Tree99" parent="." instance=ExtResource( 14 )]
transform = Transform( -0.224322, 0, 0.974515, 0, 1, 0, -0.974515, 0, -0.224322, -90.6763, 3.8147e-06, -11.4802 )

[node name="Tree25" parent="." instance=ExtResource( 14 )]
transform = Transform( 0.792045, 0, -0.610463, 0, 1, 0, 0.610463, 0, 0.792045, -13.4398, 0, -49.5118 )

[node name="Tree116" parent="." instance=ExtResource( 14 )]
transform = Transform( 0.792045, 0, -0.610463, 0, 1, 0, 0.610463, 0, 0.792045, -15.0063, -1.90735e-06, -61.4073 )

[node name="Tree117" parent="." instance=ExtResource( 14 )]
transform = Transform( 0.792045, 0, -0.610463, 0, 1, 0, 0.610463, 0, 0.792045, -15.2354, -1.90735e-06, -68.6923 )

[node name="Tree118" parent="." instance=ExtResource( 14 )]
transform = Transform( 0.792045, 0, -0.610463, 0, 1, 0, 0.610463, 0, 0.792045, -18.5171, -1.90735e-06, -64.9822 )

[node name="Tree119" parent="." instance=ExtResource( 14 )]
transform = Transform( 0.792045, 0, -0.610463, 0, 1, 0, 0.610463, 0, 0.792045, -9.3038, -1.90735e-06, -66.8072 )

[node name="Tree120" parent="." instance=ExtResource( 14 )]
transform = Transform( 0.792045, 0, -0.610463, 0, 1, 0, 0.610463, 0, 0.792045, -9.52729, -1.90735e-06, -70.7424 )

[node name="Tree121" parent="." instance=ExtResource( 14 )]
transform = Transform( 0.792045, 0, -0.610463, 0, 1, 0, 0.610463, 0, 0.792045, -13.038, -1.90735e-06, -74.3173 )

[node name="Tree122" parent="." instance=ExtResource( 14 )]
transform = Transform( 0.792045, 0, -0.610463, 0, 1, 0, 0.610463, 0, 0.792045, -3.82478, -1.90735e-06, -76.1423 )

[node name="Tree130" parent="." instance=ExtResource( 14 )]
transform = Transform( 0.792045, 0, -0.610463, 0, 1, 0, 0.610463, 0, 0.792045, -10.9153, -1.90735e-06, -76.5445 )

[node name="Tree131" parent="." instance=ExtResource( 14 )]
transform = Transform( 0.792045, 0, -0.610463, 0, 1, 0, 0.610463, 0, 0.792045, 0.50324, -1.90735e-06, -72.5492 )

[node name="Tree132" parent="." instance=ExtResource( 14 )]
transform = Transform( 0.792045, 0, -0.610463, 0, 1, 0, 0.610463, 0, 0.792045, 6.80348, -1.90735e-06, -74.3179 )

[node name="Tree133" parent="." instance=ExtResource( 14 )]
transform = Transform( 0.792045, 0, -0.610463, 0, 1, 0, 0.610463, 0, 0.792045, 7.01639, -1.90735e-06, -81.8513 )

[node name="Tree134" parent="." instance=ExtResource( 14 )]
transform = Transform( 0.792045, 0, -0.610463, 0, 1, 0, 0.610463, 0, 0.792045, 15.784, -1.90735e-06, -86.7229 )

[node name="Tree123" parent="." instance=ExtResource( 14 )]
transform = Transform( 0.219761, 0, -0.975554, 0, 1, 0, 0.975554, 0, 0.219761, -7.66604, 0, -80.4383 )

[node name="Tree124" parent="." instance=ExtResource( 14 )]
transform = Transform( 0.219761, 0, -0.975554, 0, 1, 0, 0.975554, 0, 0.219761, -3.19065, 0, -86.1911 )

[node name="Tree125" parent="." instance=ExtResource( 14 )]
transform = Transform( 0.219761, 0, -0.975554, 0, 1, 0, 0.975554, 0, 0.219761, -8.08523, 0, -85.4312 )

[node name="Tree126" parent="." instance=ExtResource( 14 )]
transform = Transform( 0.219761, 0, -0.975554, 0, 1, 0, 0.975554, 0, 0.219761, 0.170584, 0, -80.9528 )

[node name="Tree127" parent="." instance=ExtResource( 14 )]
transform = Transform( 0.219761, 0, -0.975554, 0, 1, 0, 0.975554, 0, 0.219761, 2.51132, 0, -84.1241 )

[node name="Tree128" parent="." instance=ExtResource( 14 )]
transform = Transform( 0.219761, 0, -0.975554, 0, 1, 0, 0.975554, 0, 0.219761, 2.09213, 0, -89.117 )

[node name="Tree129" parent="." instance=ExtResource( 14 )]
transform = Transform( 0.219761, 0, -0.975554, 0, 1, 0, 0.975554, 0, 0.219761, 10.3479, 0, -84.6386 )

[node name="Tree64" parent="." instance=ExtResource( 14 )]
transform = Transform( 0.958676, 0, -0.284501, 0, 1, 0, 0.284501, 0, 0.958676, -70.319, 0, 18.8275 )

[node name="Tree65" parent="." instance=ExtResource( 14 )]
transform = Transform( 0.958676, 0, -0.284501, 0, 1, 0, 0.284501, 0, 0.958676, -64.1894, 0, 14.7196 )

[node name="Tree66" parent="." instance=ExtResource( 14 )]
transform = Transform( 0.958676, 0, -0.284501, 0, 1, 0, 0.284501, 0, 0.958676, -72.0083, 0, 37.5969 )

[node name="Tree74" parent="." instance=ExtResource( 14 )]
transform = Transform( 0.958676, 0, -0.284501, 0, 1, 0, 0.284501, 0, 0.958676, -80.994, 0, 38.5679 )

[node name="Tree75" parent="." instance=ExtResource( 14 )]
transform = Transform( 0.958676, 0, -0.284501, 0, 1, 0, 0.284501, 0, 0.958676, -86.5536, 0, 35.5508 )

[node name="Tree76" parent="." instance=ExtResource( 14 )]
transform = Transform( 0.958676, 0, -0.284501, 0, 1, 0, 0.284501, 0, 0.958676, -86.5536, 0, 30.5508 )

[node name="Tree77" parent="." instance=ExtResource( 14 )]
transform = Transform( 0.958676, 0, -0.284501, 0, 1, 0, 0.284501, 0, 0.958676, -67.5536, 0, 34.5508 )

[node name="Tree67" parent="." instance=ExtResource( 14 )]
transform = Transform( 0.585637, 0, -0.810573, 0, 1, 0, 0.810573, 0, 0.585637, -61.8188, 0, 18.0709 )

[node name="Tree68" parent="." instance=ExtResource( 14 )]
transform = Transform( 0.585637, 0, -0.810573, 0, 1, 0, 0.810573, 0, 0.585637, -71.4026, 0, 32.777 )

[node name="Tree69" parent="." instance=ExtResource( 14 )]
transform = Transform( 0.585637, 0, -0.810573, 0, 1, 0, 0.810573, 0, 0.585637, -69.5496, 0, 25.7279 )

[node name="Tree70" parent="." instance=ExtResource( 14 )]
transform = Transform( 0.585637, 0, -0.810573, 0, 1, 0, 0.810573, 0, 0.585637, -73.7512, 0, 28.351 )

[node name="Tree71" parent="." instance=ExtResource( 14 )]
transform = Transform( 0.585637, 0, -0.810573, 0, 1, 0, 0.810573, 0, 0.585637, -64.3995, 0, 29.2226 )

[node name="Tree72" parent="." instance=ExtResource( 14 )]
transform = Transform( 0.585637, 0, -0.810573, 0, 1, 0, 0.810573, 0, 0.585637, -63.4942, 0, 25.3865 )

[node name="Tree73" parent="." instance=ExtResource( 14 )]
transform = Transform( 0.585637, 0, -0.810573, 0, 1, 0, 0.810573, 0, 0.585637, -65.8428, 0, 20.9605 )

[node name="Tree11" parent="." instance=ExtResource( 14 )]
transform = Transform( 1, 0, 0, 0, 1, 0, 0, 0, 1, -52.4647, 0, -85.0019 )

[node name="Tree12" parent="." instance=ExtResource( 14 )]
transform = Transform( 1, 0, 0, 0, 1, 0, 0, 0, 1, -46.157, 0, -68.6211 )

[node name="Tree13" parent="." instance=ExtResource( 14 )]
transform = Transform( 1, 0, 0, 0, 1, 0, 0, 0, 1, -50.7856, 0, -74.2513 )

[node name="Tree14" parent="." instance=ExtResource( 14 )]
transform = Transform( 1, 0, 0, 0, 1, 0, 0, 0, 1, -51.12, 0, -69.3094 )

[node name="Tree15" parent="." instance=ExtResource( 14 )]
transform = Transform( 1, 0, 0, 0, 1, 0, 0, 0, 1, -44.9368, 0, -76.3792 )

[node name="Tree16" parent="." instance=ExtResource( 14 )]
transform = Transform( 0.792045, 0, -0.610463, 0, 1, 0, 0.610463, 0, 0.792045, -38.2232, 0, -71.7647 )

[node name="Tree17" parent="." instance=ExtResource( 14 )]
transform = Transform( 0.792045, 0, -0.610463, 0, 1, 0, 0.610463, 0, 0.792045, -43.4562, 0, -62.2247 )

[node name="Tree18" parent="." instance=ExtResource( 14 )]
transform = Transform( 0.792045, 0, -0.610463, 0, 1, 0, 0.610463, 0, 0.792045, -46.7379, 0, -58.5146 )

[node name="Tree19" parent="." instance=ExtResource( 14 )]
transform = Transform( 0.792045, 0, -0.610463, 0, 1, 0, 0.610463, 0, 0.792045, -37.5247, 0, -60.3396 )

[node name="Tree20" parent="." instance=ExtResource( 14 )]
transform = Transform( 0.927647, 0, -0.373457, 0, 1, 0, 0.373457, 0, 0.927647, -23.9569, 0, -64.5306 )

[node name="Tree21" parent="." instance=ExtResource( 14 )]
transform = Transform( 0.506756, 0, -0.862089, 0, 1, 0, 0.862089, 0, 0.506756, -25.4192, 0, -72.5851 )

[node name="Tree22" parent="." instance=ExtResource( 14 )]
transform = Transform( 0.506756, 0, -0.862089, 0, 1, 0, 0.862089, 0, 0.506756, -29.0379, 0, -61.7258 )

[node name="Tree135" parent="." instance=ExtResource( 14 )]
transform = Transform( 0.510528, 0, 0.859861, 0, 1, 0, -0.859861, 0, 0.510528, 11.1799, 0, 23.1828 )

[node name="Tree136" parent="." instance=ExtResource( 14 )]
transform = Transform( 0.510528, 0, 0.859861, 0, 1, 0, -0.859861, 0, 0.510528, 28.4855, 0, 26.1219 )

[node name="Tree137" parent="." instance=ExtResource( 14 )]
transform = Transform( 0.510528, 0, 0.859861, 0, 1, 0, -0.859861, 0, 0.510528, 21.2812, 0, 27.2275 )

[node name="Tree138" parent="." instance=ExtResource( 14 )]
transform = Transform( 0.510528, 0, 0.859861, 0, 1, 0, -0.859861, 0, 0.510528, 25.3598, 0, 30.038 )

[node name="Tree139" parent="." instance=ExtResource( 14 )]
transform = Transform( 0.510528, 0, 0.859861, 0, 1, 0, -0.859861, 0, 0.510528, 22.4375, 0, 21.112 )

[node name="Tree140" parent="." instance=ExtResource( 14 )]
transform = Transform( 0.510528, 0, 0.859861, 0, 1, 0, -0.859861, 0, 0.510528, 26.003, 0, 19.1732 )

[node name="Tree141" parent="." instance=ExtResource( 14 )]
transform = Transform( 0.510528, 0, 0.859861, 0, 1, 0, -0.859861, 0, 0.510528, 21.3436, 0, 14.2794 )

[node name="Tree142" parent="." instance=ExtResource( 14 )]
transform = Transform( 0.929274, 0, 0.36939, 0, 1, 0, -0.36939, 0, 0.929274, 29.8327, 0, 17.6951 )

[node name="Tree143" parent="." instance=ExtResource( 14 )]
transform = Transform( 0.929274, 0, 0.36939, 0, 1, 0, -0.36939, 0, 0.929274, 41.7453, 0, 30.5874 )

[node name="Tree144" parent="." instance=ExtResource( 14 )]
transform = Transform( 0.929274, 0, 0.36939, 0, 1, 0, -0.36939, 0, 0.929274, 35.3642, 0, 27.0652 )

[node name="Tree145" parent="." instance=ExtResource( 14 )]
transform = Transform( 0.929274, 0, 0.36939, 0, 1, 0, -0.36939, 0, 0.929274, 36.879, 0, 31.7811 )

[node name="Tree146" parent="." instance=ExtResource( 14 )]
transform = Transform( 0.929274, 0, 0.36939, 0, 1, 0, -0.36939, 0, 0.929274, 40.0134, 0, 22.9273 )

[node name="Tree147" parent="." instance=ExtResource( 14 )]
transform = Transform( 0.929274, 0, 0.36939, 0, 1, 0, -0.36939, 0, 0.929274, 36.5156, 0, 21.1104 )

[node name="Tree148" parent="." instance=ExtResource( 14 )]
transform = Transform( 0.929274, 0, 0.36939, 0, 1, 0, -0.36939, 0, 0.929274, 31.6493, 0, 22.3041 )

[node name="Tree149" parent="." instance=ExtResource( 14 )]
transform = Transform( 0.929274, 0, 0.36939, 0, 1, 0, -0.36939, 0, 0.929274, 34.7837, 0, 13.4502 )

[node name="Tree277" parent="." instance=ExtResource( 14 )]
transform = Transform( 0.929274, 0, 0.36939, 0, 1, 0, -0.36939, 0, 0.929274, 9.53646, 0, 4.37225 )

[node name="Tree278" parent="." instance=ExtResource( 14 )]
transform = Transform( 0.929274, 0, 0.36939, 0, 1, 0, -0.36939, 0, 0.929274, 19.2537, -1.90735e-06, -1.62966 )

[node name="Tree279" parent="." instance=ExtResource( 14 )]
transform = Transform( 0.929274, 0, 0.36939, 0, 1, 0, -0.36939, 0, 0.929274, 28.2537, -1.90735e-06, -8.62966 )

[node name="Tree280" parent="." instance=ExtResource( 14 )]
transform = Transform( 0.929274, 0, 0.36939, 0, 1, 0, -0.36939, 0, 0.929274, 10.3566, -1.90735e-06, -11.8485 )

[node name="Tree281" parent="." instance=ExtResource( 14 )]
transform = Transform( 0.929274, 0, 0.36939, 0, 1, 0, -0.36939, 0, 0.929274, 9.44118, -1.90735e-06, -28.809 )

[node name="Tree150" parent="." instance=ExtResource( 14 )]
transform = Transform( 0.929274, 0, 0.36939, 0, 1, 0, -0.36939, 0, 0.929274, 8.52813, 0, 32.7699 )

[node name="Tree151" parent="." instance=ExtResource( 14 )]
transform = Transform( 0.929274, 0, 0.36939, 0, 1, 0, -0.36939, 0, 0.929274, 13.1773, 0, 28.632 )

[node name="Tree152" parent="." instance=ExtResource( 14 )]
transform = Transform( 0.794711, 0, 0.606988, 0, 1, 0, -0.606988, 0, 0.794711, 16.5003, 0, 14.826 )

[node name="Tree153" parent="." instance=ExtResource( 14 )]
transform = Transform( 0.99999, 0, -0.0043807, 0, 1, 0, 0.0043807, 0, 0.99999, 16.3181, 0, 20.6269 )

[node name="Tree154" parent="." instance=ExtResource( 14 )]
transform = Transform( -0.10583, 0, 0.994384, 0, 1, 0, -0.994384, 0, -0.10583, 47.7971, 0, 29.6546 )

[node name="Tree155" parent="." instance=ExtResource( 14 )]
transform = Transform( -0.10583, 0, 0.994384, 0, 1, 0, -0.994384, 0, -0.10583, 63.4184, 0, 21.6487 )

[node name="Tree156" parent="." instance=ExtResource( 14 )]
transform = Transform( -0.10583, 0, 0.994384, 0, 1, 0, -0.994384, 0, -0.10583, 58.3097, 0, 26.8472 )

[node name="Tree157" parent="." instance=ExtResource( 14 )]
transform = Transform( -0.10583, 0, 0.994384, 0, 1, 0, -0.994384, 0, -0.10583, 63.2592, 0, 26.6567 )

[node name="Tree158" parent="." instance=ExtResource( 14 )]
transform = Transform( -0.10583, 0, 0.994384, 0, 1, 0, -0.994384, 0, -0.10583, 55.5747, 0, 21.2564 )

[node name="Tree159" parent="." instance=ExtResource( 14 )]
transform = Transform( -0.10583, 0, 0.994384, 0, 1, 0, -0.994384, 0, -0.10583, 57.2701, 0, 17.5689 )

[node name="Tree160" parent="." instance=ExtResource( 14 )]
transform = Transform( -0.10583, 0, 0.994384, 0, 1, 0, -0.994384, 0, -0.10583, 50.6081, 0, 16.4383 )

[node name="Tree161" parent="." instance=ExtResource( 14 )]
transform = Transform( 0.523213, 0, 0.852202, 0, 1, 0, -0.852202, 0, 0.523213, 59.4528, 0, 14.0922 )

[node name="Tree162" parent="." instance=ExtResource( 14 )]
transform = Transform( 0.523213, 0, 0.852202, 0, 1, 0, -0.852202, 0, 0.523213, 76.7129, 0, 17.2874 )

[node name="Tree163" parent="." instance=ExtResource( 14 )]
