[gd_scene load_steps=17 format=2]

[ext_resource path="res://Player/player.tscn" type="PackedScene" id=1]
[ext_resource path="res://Environment/maaPng.png" type="Texture" id=2]
[ext_resource path="res://Villager/villager.tscn" type="PackedScene" id=3]
[ext_resource path="res://House/house.tscn" type="PackedScene" id=4]
[ext_resource path="res://demo.gd" type="Script" id=5]
[ext_resource path="res://env_day.tres" type="Environment" id=6]
[ext_resource path="res://Environment/sun.png" type="Texture" id=7]
[ext_resource path="res://Music/Wherewolfnight30s.wav" type="AudioStream" id=8]
[ext_resource path="res://Music/Wherewolfday30s.wav" type="AudioStream" id=9]
[ext_resource path="res://Music/WherewolfEvilPianoRoll.wav" type="AudioStream" id=10]
[ext_resource path="res://Music/WherewolfHappyPianoRoll.wav" type="AudioStream" id=11]
[ext_resource path="res://Environment/fence/Fence.tscn" type="PackedScene" id=12]
[ext_resource path="res://Hunter/Hunter.tscn" type="PackedScene" id=13]

[sub_resource type="BoxShape" id=3]
extents = Vector3( 10, 1, 10 )

[sub_resource type="PlaneMesh" id=4]
size = Vector2( 20, 20 )

[sub_resource type="SpatialMaterial" id=5]
albedo_texture = ExtResource( 2 )
uv1_scale = Vector3( 100, 100, 100 )

[node name="Demo" type="Spatial"]
script = ExtResource( 5 )

[node name="Ground" type="StaticBody" parent="."]
transform = Transform( 10, 0, 0, 0, 1, 0, 0, 0, 10, 0, 0, 0 )

[node name="CollisionShape" type="CollisionShape" parent="Ground"]
transform = Transform( 1, 0, 0, 0, 1, 0, 0, 0, 1, 0, -1, 0 )
shape = SubResource( 3 )

[node name="CSGMesh" type="CSGMesh" parent="Ground"]
mesh = SubResource( 4 )
material = SubResource( 5 )

[node name="Player" parent="." instance=ExtResource( 1 )]

[node name="House" parent="." instance=ExtResource( 4 )]
transform = Transform( -0.5, 0, -0.866025, 0, 1, 0, 0.866025, 0, -0.5, 9, 0, -13 )

[node name="House2" parent="." instance=ExtResource( 4 )]
transform = Transform( 1, 0, 0, 0, 1, 0, 0, 0, 1, -18, 0, -1 )

[node name="House3" parent="." instance=ExtResource( 4 )]
transform = Transform( -0.5, 0, 0.866025, 0, 1, 0, -0.866025, 0, -0.5, 9, 0, 20 )

[node name="WorldEnvironment" type="WorldEnvironment" parent="."]
environment = ExtResource( 6 )

[node name="Sun" type="Sprite3D" parent="."]
transform = Transform( 10, 0, 0, 0, 8.66025, -0.5, 0, 5, 0.866025, 0, 338, -490 )
cast_shadow = 0
generate_lightmap = false
billboard = 1
double_sided = false
texture = ExtResource( 7 )

[node name="villager" parent="." instance=ExtResource( 3 )]
transform = Transform( 1, 0, 0, 0, 1, 0, 0, 0, 1, -3, 0, -3 )

[node name="villager2" parent="." instance=ExtResource( 3 )]
transform = Transform( 1, 0, 0, 0, 1, 0, 0, 0, 1, 8, 0, -3 )

[node name="villager3" parent="." instance=ExtResource( 3 )]
transform = Transform( 1, 0, 0, 0, 1, 0, 0, 0, 1, 8, 0, 11 )

[node name="villager4" parent="." instance=ExtResource( 3 )]
transform = Transform( 1, 0, 0, 0, 1, 0, 0, 0, 1, -8, 0, 11 )

[node name="villager5" parent="." instance=ExtResource( 3 )]
transform = Transform( 1, 0, 0, 0, 1, 0, 0, 0, 1, 18, 0, 2 )

[node name="villager6" parent="." instance=ExtResource( 3 )]
transform = Transform( 1, 0, 0, 0, 1, 0, 0, 0, 1, 12, 0, 7 )

[node name="Light" type="DirectionalLight" parent="."]
transform = Transform( 1, 0, 0, 0, -0.707107, 0.707107, 0, -0.707107, -0.707107, 0, 17, -17 )
light_energy = 2.113
shadow_enabled = true
shadow_bias = -0.074

[node name="Music" type="Spatial" parent="."]

[node name="DayMusic" type="AudioStreamPlayer" parent="Music"]
stream = ExtResource( 9 )
volume_db = -10.0
autoplay = true

[node name="NightMusic" type="AudioStreamPlayer" parent="Music"]
stream = ExtResource( 8 )
volume_db = -10.0

[node name="Dusk" type="AudioStreamPlayer" parent="Music"]
stream = ExtResource( 10 )
volume_db = -10.0

[node name="Dawn" type="AudioStreamPlayer" parent="Music"]
stream = ExtResource( 11 )
volume_db = -10.0

[node name="Fence" parent="." instance=ExtResource( 12 )]
transform = Transform( 1, 0, 0, 0, 1, 0, 0, 0, 1, 37, 0, 0 )

[node name="Fence2" parent="." instance=ExtResource( 12 )]
transform = Transform( 0.5, 0, 0.866025, 0, 1, 0, -0.866025, 0, 0.5, 20, 0, -29 )

[node name="Fence3" parent="." instance=ExtResource( 12 )]
transform = Transform( -0.5, 0, 0.866025, 0, 1, 0, -0.866025, 0, -0.5, -14, 0, -29 )

[node name="Fence4" parent="." instance=ExtResource( 12 )]
transform = Transform( -1, 0, -1.49012e-07, 0, 1, 0, 1.49012e-07, 0, -1, -31, 0, 0 )

[node name="Fence5" parent="." instance=ExtResource( 12 )]
transform = Transform( -0.5, 0, -0.866026, 0, 1, 0, 0.866026, 0, -0.5, -14, 0, 29 )

[node name="Hunter" parent="." instance=ExtResource( 13 )]
transform = Transform( -0.5, 0, -0.866026, 0, 1, 0, 0.866026, 0, -0.5, -5, 0, -11 )

[connection signal="finished" from="Music/Dusk" to="." method="_on_Dusk_finished"]
[connection signal="finished" from="Music/Dawn" to="." method="_on_Dawn_finished"]
